[
    [0.6859206557273865, 0.0, -0.7276763319969177, 0.0, -0.32401347160339355, 0.8953956365585327, -0.305420845746994, 0.0, 0.6515582203865051, 0.44527140259742737, 0.6141703724861145, 0.0, 7.358891487121582, 4.958309173583984, 6.925790786743164, 1.0],
    [0.6861402988433838, 0.0, -0.727469265460968, 0.0, -0.323921263217926, 0.8953956365585327, -0.30551865696907043, 0.0, 0.6513727903366089, 0.44527140259742737, 0.6143670082092285, 0.0, 7.355690002441406, 4.958309173583984, 6.925790309906006, 1.0],
    [0.68679279088974, 0.0, -0.7268532514572144, 0.0, -0.32364699244499207, 0.8953956365585327, -0.3058091998100281, 0.0, 0.6508212685585022, 0.44527140259742737, 0.6149512529373169, 0.0, 7.346170902252197, 4.958309173583984, 6.925788402557373, 1.0],
    [0.6878683567047119, 0.0, -0.7258355021476746, 0.0, -0.3231937885284424, 0.8953956365585327, -0.30628809332847595, 0.0, 0.6499099731445312, 0.44527140259742737, 0.6159142851829529, 0.0, 7.3304643630981445, 4.958309173583984, 6.925783157348633, 1.0],
    [0.6893563270568848, 0.0, -0.7244224548339844, 0.0, -0.32256460189819336, 0.8953956365585327, -0.3069506585597992, 0.0, 0.6486446857452393, 0.44527140259742737, 0.6172466278076172, 0.0, 7.308697700500488, 4.958309173583984, 6.9257731437683105, 1.0],
    [0.6912454962730408, 0.0, -0.7226200103759766, 0.0, -0.3217620253562927, 0.8953956365585327, -0.3077918589115143, 0.0, 0.6470308303833008, 0.44527140259742737, 0.6189382076263428, 0.0, 7.28100061416626, 4.958309173583984, 6.925756454467773, 1.0],
    [0.6935241222381592, 0.0, -0.7204334139823914, 0.0, -0.3207884132862091, 0.8953956365585327, -0.308806449174881, 0.0, 0.6450729370117188, 0.44527140259742737, 0.6209784746170044, 0.0, 7.247501850128174, 4.958309173583984, 6.925731658935547, 1.0],
    [0.6961798071861267, 0.0, -0.7178674936294556, 0.0, -0.31964585185050964, 0.8953956365585327, -0.30998894572257996, 0.0, 0.6427754163742065, 0.44527140259742737, 0.6233563423156738, 0.0, 7.2083306312561035, 4.958309173583984, 6.925696849822998, 1.0],
    [0.6991997361183167, 0.0, -0.7149263620376587, 0.0, -0.31833627820014954, 0.8953956365585327, -0.31133365631103516, 0.0, 0.6401419639587402, 0.44527140259742737, 0.626060426235199, 0.0, 7.163616180419922, 4.958309173583984, 6.925650596618652, 1.0],
    [0.7025705575942993, 0.0, -0.7116140723228455, 0.0, -0.3168613910675049, 0.8953956365585327, -0.31283459067344666, 0.0, 0.6371761560440063, 0.44527140259742737, 0.6290786266326904, 0.0, 7.1134867668151855, 4.958309173583984, 6.925590991973877, 1.0],
    [0.7062786221504211, 0.0, -0.7079339623451233, 0.0, -0.31522276997566223, 0.8953956365585327, -0.31448566913604736, 0.0, 0.6338810324668884, 0.44527140259742737, 0.632398784160614, 0.0, 7.058071136474609, 4.958309173583984, 6.9255170822143555, 1.0],
    [0.710309624671936, 0.0, -0.7038893699645996, 0.0, -0.3134218156337738, 0.8953956365585327, -0.3162805736064911, 0.0, 0.6302594542503357, 0.44527140259742737, 0.6360081434249878, 0.0, 6.997498989105225, 4.958309173583984, 6.925426483154297, 1.0],
    [0.7146491408348083, 0.0, -0.6994830965995789, 0.0, -0.31145980954170227, 0.8953956365585327, -0.3182128369808197, 0.0, 0.626314103603363, 0.44527140259742737, 0.6398937106132507, 0.0, 6.931898593902588, 4.958309173583984, 6.925317764282227, 1.0],
    [0.7192822694778442, 0.0, -0.6947179436683655, 0.0, -0.3093380331993103, 0.8953956365585327, -0.32027584314346313, 0.0, 0.6220474243164062, 0.44527140259742737, 0.6440422534942627, 0.0, 6.861399173736572, 4.958309173583984, 6.92518949508667, 1.0],
    [0.724193811416626, 0.0, -0.6895964741706848, 0.0, -0.30705761909484863, 0.8953956365585327, -0.322462797164917, 0.0, 0.6174616813659668, 0.44527140259742737, 0.6484400033950806, 0.0, 6.786129951477051, 4.958309173583984, 6.925039768218994, 1.0],
    [0.7293682098388672, 0.0, -0.684121310710907, 0.0, -0.3046196699142456, 0.8953956365585327, -0.3247668147087097, 0.0, 0.6125592589378357, 0.44527140259742737, 0.6530731320381165, 0.0, 6.70621919631958, 4.958309173583984, 6.924866676330566, 1.0],
    [0.7347899079322815, 0.0, -0.6782947778701782, 0.0, -0.3020252585411072, 0.8953956365585327, -0.327180951833725, 0.0, 0.6073421835899353, 0.44527140259742737, 0.6579276919364929, 0.0, 6.621795654296875, 4.958309173583984, 6.92466926574707, 1.0],
    [0.7404428720474243, 0.0, -0.6721193194389343, 0.0, -0.2992755174636841, 0.8953956365585327, -0.3296980559825897, 0.0, 0.6018127202987671, 0.44527140259742737, 0.6629893183708191, 0.0, 6.532989978790283, 4.958309173583984, 6.924445629119873, 1.0],
    [0.7463108897209167, 0.0, -0.6655974984169006, 0.0, -0.29637154936790466, 0.8953956365585327, -0.33231091499328613, 0.0, 0.5959731340408325, 0.44527140259742737, 0.6682435274124146, 0.0, 6.439929008483887, 4.958309173583984, 6.9241943359375, 1.0],
    [0.7523778080940247, 0.0, -0.6587318181991577, 0.0, -0.29331445693969727, 0.8953956365585327, -0.3350123465061188, 0.0, 0.5898256301879883, 0.44527140259742737, 0.6736758351325989, 0.0, 6.342741966247559, 4.958309173583984, 6.92391300201416, 1.0],
    [0.7586270570755005, 0.0, -0.65152508020401, 0.0, -0.2901054918766022, 0.8953956365585327, -0.3377949595451355, 0.0, 0.5833727717399597, 0.44527140259742737, 0.679271399974823, 0.0, 6.2415595054626465, 4.958309173583984, 6.923600673675537, 1.0],
    [0.7650421261787415, 0.0, -0.6439802050590515, 0.0, -0.28674599528312683, 0.8953956365585327, -0.34065139293670654, 0.0, 0.5766170620918274, 0.44527140259742737, 0.6850153803825378, 0.0, 6.136508941650391, 4.958309173583984, 6.923255443572998, 1.0],
    [0.7716064453125, 0.0, -0.6361002326011658, 0.0, -0.2832372486591339, 0.8953956365585327, -0.34357428550720215, 0.0, 0.5695613622665405, 0.44527140259742737, 0.6908930540084839, 0.0, 6.027719020843506, 4.958309173583984, 6.92287540435791, 1.0],
    [0.778303325176239, 0.0, -0.6278884410858154, 0.0, -0.2795807719230652, 0.8953956365585327, -0.3465562164783478, 0.0, 0.5622085928916931, 0.44527140259742737, 0.6968894004821777, 0.0, 5.915319919586182, 4.958309173583984, 6.922459602355957, 1.0],
    [0.7851160764694214, 0.0, -0.6193486452102661, 0.0, -0.27577823400497437, 0.8953956365585327, -0.3495897352695465, 0.0, 0.5545620918273926, 0.44527140259742737, 0.7029895186424255, 0.0, 5.799439430236816, 4.958309173583984, 6.922006130218506, 1.0],
    [0.7920280694961548, 0.0, -0.6104846596717834, 0.0, -0.27183136343955994, 0.8953956365585327, -0.3526674509048462, 0.0, 0.5466253161430359, 0.44527140259742737, 0.7091785073280334, 0.0, 5.680207252502441, 4.958309173583984, 6.921513080596924, 1.0],
    [0.7990227937698364, 0.0, -0.6013007164001465, 0.0, -0.26774200797080994, 0.8953956365585327, -0.35578200221061707, 0.0, 0.5384020805358887, 0.44527140259742737, 0.7154415249824524, 0.0, 5.5577521324157715, 4.958309173583984, 6.920979022979736, 1.0],
    [0.8060836791992188, 0.0, -0.5918015837669373, 0.0, -0.2635123133659363, 0.8953956365585327, -0.35892602801322937, 0.0, 0.5298965573310852, 0.44527140259742737, 0.7217638492584229, 0.0, 5.432202339172363, 4.958309173583984, 6.9204020500183105, 1.0],
    [0.8131943345069885, 0.0, -0.5819922089576721, 0.0, -0.25914448499679565, 0.8953956365585327, -0.36209219694137573, 0.0, 0.5211132764816284, 0.44527140259742737, 0.7281306982040405, 0.0, 5.303687572479248, 4.958309173583984, 6.919780731201172, 1.0],
    [0.8203386068344116, 0.0, -0.5718780755996704, 0.0, -0.25464096665382385, 0.8953956365585327, -0.3652733266353607, 0.0, 0.5120571255683899, 0.44527140259742737, 0.7345276474952698, 0.0, 5.172337055206299, 4.958309173583984, 6.919113636016846, 1.0],
    [0.8275004029273987, 0.0, -0.5614651441574097, 0.0, -0.250004380941391, 0.8953956365585327, -0.3684622645378113, 0.0, 0.5027334094047546, 0.44527140259742737, 0.740940272808075, 0.0, 5.038278579711914, 4.958309173583984, 6.918398857116699, 1.0],
    [0.8346639275550842, 0.0, -0.5507596135139465, 0.0, -0.24523751437664032, 0.8953956365585327, -0.3716519773006439, 0.0, 0.4931477904319763, 0.44527140259742737, 0.7473544478416443, 0.0, 4.901641845703125, 4.958309173583984, 6.9176344871521, 1.0],
    [0.8418136835098267, 0.0, -0.5397682189941406, 0.0, -0.2403433620929718, 0.8953956365585327, -0.3748355507850647, 0.0, 0.4833061099052429, 0.44527140259742737, 0.7537562847137451, 0.0, 4.762555122375488, 4.958309173583984, 6.9168195724487305, 1.0],
    [0.8489342927932739, 0.0, -0.5284984111785889, 0.0, -0.23532524704933167, 0.8953956365585327, -0.3780061602592468, 0.0, 0.4732151925563812, 0.44527140259742737, 0.7601320743560791, 0.0, 4.621148109436035, 4.958309173583984, 6.915951728820801, 1.0],
    [0.8560108542442322, 0.0, -0.5169578194618225, 0.0, -0.2301865518093109, 0.8953956365585327, -0.38115715980529785, 0.0, 0.46288180351257324, 0.44527140259742737, 0.7664684057235718, 0.0, 4.4775495529174805, 4.958309173583984, 6.915030002593994, 1.0],
    [0.8630288243293762, 0.0, -0.5051547288894653, 0.0, -0.22493095695972443, 0.8953956365585327, -0.38428205251693726, 0.0, 0.4523133337497711, 0.44527140259742737, 0.7727522253990173, 0.0, 4.331888675689697, 4.958309173583984, 6.914052486419678, 1.0],
    [0.8699739575386047, 0.0, -0.4930976629257202, 0.0, -0.21956229209899902, 0.8953956365585327, -0.38737452030181885, 0.0, 0.44151750206947327, 0.44527140259742737, 0.7789708971977234, 0.0, 4.184292793273926, 4.958309173583984, 6.913017272949219, 1.0],
    [0.8768324851989746, 0.0, -0.48079603910446167, 0.0, -0.21408472955226898, 0.8953956365585327, -0.39042842388153076, 0.0, 0.43050268292427063, 0.44527140259742737, 0.7851119637489319, 0.0, 4.034893035888672, 4.958309173583984, 6.911922931671143, 1.0],
    [0.8835910558700562, 0.0, -0.46825939416885376, 0.0, -0.20850251615047455, 0.8953956365585327, -0.39343783259391785, 0.0, 0.4192774295806885, 0.44527140259742737, 0.7911635637283325, 0.0, 3.8838164806365967, 4.958309173583984, 6.910768032073975, 1.0],
    [0.8902368545532227, 0.0, -0.4554979205131531, 0.0, -0.20282019674777985, 0.8953956365585327, -0.39639702439308167, 0.0, 0.40785086154937744, 0.44527140259742737, 0.7971141934394836, 0.0, 3.7311930656433105, 4.958309173583984, 6.909550189971924, 1.0],
    [0.8967575430870056, 0.0, -0.442522257566452, 0.0, -0.19704250991344452, 0.8953956365585327, -0.3993004858493805, 0.0, 0.3962325155735016, 0.44527140259742737, 0.802952766418457, 0.0, 3.5771517753601074, 4.958309173583984, 6.908268928527832, 1.0],
    [0.9031412601470947, 0.0, -0.4293435215950012, 0.0, -0.19117438793182373, 0.8953956365585327, -0.4021429717540741, 0.0, 0.384432315826416, 0.44527140259742737, 0.8086687326431274, 0.0, 3.421821355819702, 4.958309173583984, 6.90692138671875, 1.0],
    [0.909376859664917, 0.0, -0.4159732460975647, 0.0, -0.18522098660469055, 0.8953956365585327, -0.40491950511932373, 0.0, 0.37246063351631165, 0.44527140259742737, 0.8142520785331726, 0.0, 3.2653305530548096, 4.958309173583984, 6.9055070877075195, 1.0],
    [0.9154536724090576, 0.0, -0.4024234116077423, 0.0, -0.17918764054775238, 0.8953956365585327, -0.40762534737586975, 0.0, 0.36032816767692566, 0.44527140259742737, 0.8196932077407837, 0.0, 3.1078078746795654, 4.958309173583984, 6.904023170471191, 1.0],
    [0.9213616251945496, 0.0, -0.3887064754962921, 0.0, -0.17307987809181213, 0.8953956365585327, -0.4102559983730316, 0.0, 0.34804609417915344, 0.44527140259742737, 0.8249831795692444, 0.0, 2.94938325881958, 4.958309173583984, 6.902469158172607, 1.0],
    [0.9270914196968079, 0.0, -0.3748352527618408, 0.0, -0.16690342128276825, 0.8953956365585327, -0.41280731558799744, 0.0, 0.33562585711479187, 0.44527140259742737, 0.8301136493682861, 0.0, 2.79018497467041, 4.958309173583984, 6.900842666625977, 1.0],
    [0.9326344132423401, 0.0, -0.36082279682159424, 0.0, -0.16066408157348633, 0.8953956365585327, -0.4152754247188568, 0.0, 0.3230791687965393, 0.44527140259742737, 0.8350767493247986, 0.0, 2.6303417682647705, 4.958309173583984, 6.899142265319824, 1.0],
    [0.9379823803901672, 0.0, -0.34668293595314026, 0.0, -0.15436799824237823, 0.8953956365585327, -0.4176567494869232, 0.0, 0.31041839718818665, 0.44527140259742737, 0.8398653268814087, 0.0, 2.469982862472534, 4.958309173583984, 6.897366046905518, 1.0],
    [0.9431281685829163, 0.0, -0.3324294090270996, 0.0, -0.14802131056785583, 0.8953956365585327, -0.419948011636734, 0.0, 0.29765585064888, 0.44527140259742737, 0.8444728255271912, 0.0, 2.309237480163574, 4.958309173583984, 6.89551305770874, 1.0],
    [0.9480650424957275, 0.0, -0.31807658076286316, 0.0, -0.1416304111480713, 0.8953956365585327, -0.4221462607383728, 0.0, 0.2848043739795685, 0.44527140259742737, 0.8488932847976685, 0.0, 2.1482348442077637, 4.958309173583984, 6.893580913543701, 1.0],
    [0.9527872204780579, 0.0, -0.303638756275177, 0.0, -0.13520166277885437, 0.8953956365585327, -0.42424890398979187, 0.0, 0.27187681198120117, 0.44527140259742737, 0.8531215190887451, 0.0, 1.9871020317077637, 4.958309173583984, 6.891568183898926, 1.0],
    [0.9572895765304565, 0.0, -0.28913092613220215, 0.0, -0.12874174118041992, 0.8953956365585327, -0.42625367641448975, 0.0, 0.25888657569885254, 0.44527140259742737, 0.8571529388427734, 0.0, 1.8259694576263428, 4.958309173583984, 6.8894734382629395, 1.0],
    [0.9615676999092102, 0.0, -0.2745680510997772, 0.0, -0.122257299721241, 0.8953956365585327, -0.42815858125686646, 0.0, 0.24584703147411346, 0.44527140259742737, 0.8609834909439087, 0.0, 1.6649658679962158, 4.958309173583984, 6.887295246124268, 1.0],
    [0.9656179547309875, 0.0, -0.2599654197692871, 0.0, -0.11575517058372498, 0.8953956365585327, -0.42996206879615784, 0.0, 0.23277190327644348, 0.44527140259742737, 0.8646100759506226, 0.0, 1.5042212009429932, 4.958309173583984, 6.885031223297119, 1.0],
    [0.9694374799728394, 0.0, -0.24533842504024506, 0.0, -0.10924218595027924, 0.8953956365585327, -0.43166279792785645, 0.0, 0.2196749597787857, 0.44527140259742737, 0.8680301308631897, 0.0, 1.343862533569336, 4.958309173583984, 6.882680416107178, 1.0],
    [0.973024308681488, 0.0, -0.2307026982307434, 0.0, -0.1027253121137619, 0.8953956365585327, -0.43325990438461304, 0.0, 0.20657019317150116, 0.44527140259742737, 0.8712416887283325, 0.0, 1.1840198040008545, 4.958309173583984, 6.880240440368652, 1.0],
    [0.976377010345459, 0.0, -0.2160739302635193, 0.0, -0.09621154516935349, 0.8953956365585327, -0.43475276231765747, 0.0, 0.19347167015075684, 0.44527140259742737, 0.8742437362670898, 0.0, 1.0248212814331055, 4.958309173583984, 6.877710819244385, 1.0],
    [0.979495108127594, 0.0, -0.20146788656711578, 0.0, -0.0897078886628151, 0.8953956365585327, -0.43614116311073303, 0.0, 0.18039347231388092, 0.44527140259742737, 0.8770356774330139, 0.0, 0.8663969039916992, 4.958309173583984, 6.875088691711426, 1.0],
    [0.9823788404464722, 0.0, -0.18690048158168793, 0.0, -0.083221435546875, 0.8953956365585327, -0.4374252259731293, 0.0, 0.16734987497329712, 0.44527140259742737, 0.8796177506446838, 0.0, 0.7088751792907715, 4.958309173583984, 6.872373104095459, 1.0],
    [0.9850292205810547, 0.0, -0.17238761484622955, 0.0, -0.07675927877426147, 0.8953956365585327, -0.43860533833503723, 0.0, 0.15435512363910675, 0.44527140259742737, 0.8819908499717712, 0.0, 0.5523829460144043, 4.958309173583984, 6.869562149047852, 1.0],
    [0.9874478578567505, 0.0, -0.1579452008008957, 0.0, -0.0703284814953804, 0.8953956365585327, -0.4396823048591614, 0.0, 0.14142344892024994, 0.44527140259742737, 0.8841565251350403, 0.0, 0.3970527648925781, 4.958309173583984, 6.866654396057129, 1.0],
    [0.9896373748779297, 0.0, -0.1435893177986145, 0.0, -0.06393621861934662, 0.8953956365585327, -0.44065722823143005, 0.0, 0.12856926023960114, 0.44527140259742737, 0.8861169815063477, 0.0, 0.2430109977722168, 4.958309173583984, 6.863647937774658, 1.0],
    [0.9916008710861206, 0.0, -0.1293357014656067, 0.0, -0.057589489966630936, 0.8953956365585327, -0.4415315091609955, 0.0, 0.11580662429332733, 0.44527140259742737, 0.8878750801086426, 0.0, 0.09038782119750977, 4.958309173583984, 6.860541343688965, 1.0],
    [0.9933422803878784, 0.0, -0.11520012468099594, 0.0, -0.05129532143473625, 0.8953956365585327, -0.4423069357872009, 0.0, 0.10314968973398209, 0.44527140259742737, 0.8894343972206116, 0.0, -0.060688018798828125, 4.958309173583984, 6.857332706451416, 1.0],
    [0.9948662519454956, 0.0, -0.10119853168725967, 0.0, -0.045060813426971436, 0.8953956365585327, -0.44298550486564636, 0.0, 0.09061272442340851, 0.44527140259742737, 0.8907989263534546, 0.0, -0.21008825302124023, 4.958309173583984, 6.854021072387695, 1.0],
    [0.9961780309677124, 0.0, -0.087346151471138, 0.0, -0.03889274224638939, 0.8953956365585327, -0.4435696005821228, 0.0, 0.07820936292409897, 0.44527140259742737, 0.8919734954833984, 0.0, -0.3576836585998535, 4.958309173583984, 6.850604057312012, 1.0],
    [0.9972835183143616, 0.0, -0.07365874946117401, 0.0, -0.03279813751578331, 0.8953956365585327, -0.44406184554100037, 0.0, 0.06595372408628464, 0.44527140259742737, 0.8929632902145386, 0.0, -0.5033464431762695, 4.958309173583984, 6.847080230712891, 1.0],
    [0.9981892704963684, 0.0, -0.060151662677526474, 0.0, -0.026783816516399384, 0.8953956365585327, -0.44446513056755066, 0.0, 0.05385953560471535, 0.44527140259742737, 0.8937743306159973, 0.0, -0.6469440460205078, 4.958309173583984, 6.843447685241699, 1.0],
    [0.998902440071106, 0.0, -0.04683985561132431, 0.0, -0.020856447517871857, 0.8953956365585327, -0.44478267431259155, 0.0, 0.041940201073884964, 0.44527140259742737, 0.8944128751754761, 0.0, -0.7883510589599609, 4.958309173583984, 6.839705467224121, 1.0],
    [0.9994307160377502, 0.0, -0.033738408237695694, 0.0, -0.01502274814993143, 0.8953956365585327, -0.44501790404319763, 0.0, 0.030209224671125412, 0.44527140259742737, 0.8948858976364136, 0.0, -0.9274368286132812, 4.958309173583984, 6.835851669311523, 1.0],
    [0.999782383441925, 0.0, -0.020862078294157982, 0.0, -0.009289287030696869, 0.8953956365585327, -0.44517451524734497, 0.0, 0.018679814413189888, 0.44527140259742737, 0.895200788974762, 0.0, -1.0640735626220703, 4.958309173583984, 6.831884384155273, 1.0],
    [0.9999661445617676, 0.0, -0.00822528824210167, 0.0, -0.0036624858621507883, 0.8953956365585327, -0.4452563524246216, 0.0, 0.007364887744188309, 0.44527140259742737, 0.8953653573989868, 0.0, -1.1981325149536133, 4.958309173583984, 6.827801704406738, 1.0],
    [0.9999913573265076, 0.0, 0.004157590679824352, 0.0, 0.0018512563547119498, 0.8953956365585327, -0.44526755809783936, 0.0, -0.0037226886488497257, 0.44527140259742737, 0.8953878879547119, 0.0, -1.329483985900879, 4.958309173583984, 6.823602676391602, 1.0],
    [0.9998676180839539, 0.0, 0.01627236232161522, 0.0, 0.0072456179186701775, 0.8953956365585327, -0.4452124536037445, 0.0, -0.014570202678442001, 0.44527140259742737, 0.8952770829200745, 0.0, -1.457998275756836, 4.958309173583984, 6.8192853927612305, 1.0],
    [0.9996049404144287, 0.0, 0.028105491772294044, 0.0, 0.012514571659266949, 0.8953956365585327, -0.4450955092906952, 0.0, -0.025165535509586334, 0.44527140259742737, 0.8950419425964355, 0.0, -1.583547592163086, 4.958309173583984, 6.81484842300415, 1.0],
    [0.9992138743400574, 0.0, 0.03964314982295036, 0.0, 0.017651960253715515, 0.8953956365585327, -0.4449213743209839, 0.0, -0.0354963019490242, 0.44527140259742737, 0.8946917653083801, 0.0, -1.7060041427612305, 4.958309173583984, 6.8102898597717285, 1.0],
    [0.9987052083015442, 0.0, 0.050871994346380234, 0.0, 0.02265184372663498, 0.8953956365585327, -0.4446948766708374, 0.0, -0.04555056244134903, 0.44527140259742737, 0.8942362666130066, 0.0, -1.8252363204956055, 4.958309173583984, 6.805607795715332, 1.0],
    [0.9980898499488831, 0.0, 0.06177911534905434, 0.0, 0.02750847302377224, 0.8953956365585327, -0.44442087411880493, 0.0, -0.0553167499601841, 0.44527140259742737, 0.8936852812767029, 0.0, -1.9411144256591797, 4.958309173583984, 6.8008012771606445, 1.0],
    [0.9973791837692261, 0.0, 0.07235148549079895, 0.0, 0.03221604600548744, 0.8953956365585327, -0.4441044330596924, 0.0, -0.06478320062160492, 0.44527140259742737, 0.8930490016937256, 0.0, -2.0535154342651367, 4.958309173583984, 6.795867919921875, 1.0],
    [0.9965847134590149, 0.0, 0.08257661014795303, 0.0, 0.03676900267601013, 0.8953956365585327, -0.44375067949295044, 0.0, -0.07393874228000641, 0.44527140259742737, 0.8923376202583313, 0.0, -2.1623048782348633, 4.958309173583984, 6.790806293487549, 1.0],
    [0.9957180619239807, 0.0, 0.09244206547737122, 0.0, 0.041161809116601944, 0.8953956365585327, -0.44336479902267456, 0.0, -0.08277222514152527, 0.44527140259742737, 0.8915616273880005, 0.0, -2.267354965209961, 4.958309173583984, 6.78561544418335, 1.0],
    [0.9947909712791443, 0.0, 0.10193576663732529, 0.0, 0.0453890822827816, 0.8953956365585327, -0.4429519772529602, 0.0, -0.09127283841371536, 0.44527140259742737, 0.8907315135002136, 0.0, -2.3685379028320312, 4.958309173583984, 6.780292510986328, 1.0],
    [0.9938153028488159, 0.0, 0.11104581505060196, 0.0, 0.04944552853703499, 0.8953956365585327, -0.44251754879951477, 0.0, -0.09942994266748428, 0.44527140259742737, 0.8898578882217407, 0.0, -2.465723991394043, 4.958309173583984, 6.774837017059326, 1.0],
    [0.9928027987480164, 0.0, 0.11976049840450287, 0.0, 0.05332592502236366, 0.8953956365585327, -0.4420666992664337, 0.0, -0.10723303258419037, 0.44527140259742737, 0.888951301574707, 0.0, -2.558786392211914, 4.958309173583984, 6.769246578216553, 1.0],
    [0.9917653799057007, 0.0, 0.12806789577007294, 0.0, 0.05702497437596321, 0.8953956365585327, -0.4416047930717468, 0.0, -0.11467143893241882, 0.44527140259742737, 0.8880224227905273, 0.0, -2.6475915908813477, 4.958309173583984, 6.763520240783691, 1.0],
    [0.9907147288322449, 0.0, 0.13595722615718842, 0.0, 0.06053786724805832, 0.8953956365585327, -0.4411369264125824, 0.0, -0.12173551321029663, 0.44527140259742737, 0.8870816230773926, 0.0, -2.7320165634155273, 4.958309173583984, 6.757655620574951, 1.0],
    [0.9896624088287354, 0.0, 0.1434166580438614, 0.0, 0.06385934352874756, 0.8953956365585327, -0.44066837430000305, 0.0, -0.12841466069221497, 0.44527140259742737, 0.8861393928527832, 0.0, -2.8119258880615234, 4.958309173583984, 6.751651287078857, 1.0],
    [0.9886198043823242, 0.0, 0.15043580532073975, 0.0, 0.06698476523160934, 0.8953956365585327, -0.44020411372184753, 0.0, -0.13469956815242767, 0.44527140259742737, 0.885205864906311, 0.0, -2.887195587158203, 4.958309173583984, 6.7455058097839355, 1.0],
    [0.9875981211662292, 0.0, 0.15700295567512512, 0.0, 0.06990893185138702, 0.8953956365585327, -0.43974921107292175, 0.0, -0.14057976007461548, 0.44527140259742737, 0.8842910528182983, 0.0, -2.957695960998535, 4.958309173583984, 6.739217281341553, 1.0],
    [0.9866082668304443, 0.0, 0.16310755908489227, 0.0, 0.07262713462114334, 0.8953956365585327, -0.4393084645271301, 0.0, -0.14604580402374268, 0.44527140259742737, 0.8834047913551331, 0.0, -3.0232954025268555, 4.958309173583984, 6.732784271240234, 1.0],
    [0.9856607913970947, 0.0, 0.16873876750469208, 0.0, 0.07513454556465149, 0.8953956365585327, -0.4388865828514099, 0.0, -0.1510879546403885, 0.44527140259742737, 0.8825563788414001, 0.0, -3.0838661193847656, 4.958309173583984, 6.726204872131348, 1.0],
    [0.9847658276557922, 0.0, 0.17388586699962616, 0.0, 0.07742640376091003, 0.8953956365585327, -0.43848806619644165, 0.0, -0.15569664537906647, 0.44527140259742737, 0.8817550539970398, 0.0, -3.1392822265625, 4.958309173583984, 6.719478130340576, 1.0],
    [0.9839330911636353, 0.0, 0.17853760719299316, 0.0, 0.07949769496917725, 0.8953956365585327, -0.43811726570129395, 0.0, -0.15986180305480957, 0.44527140259742737, 0.8810093998908997, 0.0, -3.189413070678711, 4.958309173583984, 6.712601184844971, 1.0],
    [0.9831717014312744, 0.0, 0.1826840043067932, 0.0, 0.08134396374225616, 0.8953956365585327, -0.4377782344818115, 0.0, -0.1635744571685791, 0.44527140259742737, 0.8803276419639587, 0.0, -3.2341270446777344, 4.958309173583984, 6.705573558807373, 1.0],
    [0.9824903607368469, 0.0, 0.18631334602832794, 0.0, 0.08296000957489014, 0.8953956365585327, -0.4374748766422272, 0.0, -0.16682416200637817, 0.44527140259742737, 0.8797175884246826, 0.0, -3.2732982635498047, 4.958309173583984, 6.69839334487915, 1.0],
    [0.9818970561027527, 0.0, 0.18941521644592285, 0.0, 0.08434117585420609, 0.8953956365585327, -0.43721070885658264, 0.0, -0.16960155963897705, 0.44527140259742737, 0.8791863918304443, 0.0, -3.3067989349365234, 4.958309173583984, 6.69105863571167, 1.0],
    [0.9813991785049438, 0.0, 0.1919783353805542, 0.0, 0.08548246324062347, 0.8953956365585327, -0.4369889795780182, 0.0, -0.1718965619802475, 0.44527140259742737, 0.8787405490875244, 0.0, -3.3344955444335938, 4.958309173583984, 6.683567523956299, 1.0],
    [0.9810031652450562, 0.0, 0.19399182498455048, 0.0, 0.08637901395559311, 0.8953956365585327, -0.4368126392364502, 0.0, -0.17369943857192993, 0.44527140259742737, 0.8783859610557556, 0.0, -3.35626220703125, 4.958309173583984, 6.675919055938721, 1.0],
    [0.9807148575782776, 0.0, 0.19544406235218048, 0.0, 0.08702565729618073, 0.8953956365585327, -0.4366842806339264, 0.0, -0.17499977350234985, 0.44527140259742737, 0.8781278133392334, 0.0, -3.371967315673828, 4.958309173583984, 6.6681108474731445, 1.0],
    [0.980539083480835, 0.0, 0.19632385671138763, 0.0, 0.08741740137338638, 0.8953956365585327, -0.4366060197353363, 0.0, -0.1757875233888626, 0.44527140259742737, 0.8779704570770264, 0.0, -3.3814868927001953, 4.958309173583984, 6.660141944885254, 1.0],
    [0.9804797768592834, 0.0, 0.19662006199359894, 0.0, 0.08754929155111313, 0.8953956365585327, -0.4365796148777008, 0.0, -0.1760527491569519, 0.44527140259742737, 0.8779172897338867, 0.0, -3.384688377380371, 4.958309173583984, 6.652010440826416, 1.0],
    [0.9805178046226501, 0.0, 0.19643019139766693, 0.0, 0.08746474981307983, 0.8953956365585327, -0.436596542596817, 0.0, -0.1758827418088913, 0.44527140259742737, 0.8779513835906982, 0.0, -3.38409161567688, 4.95823335647583, 6.64309024810791, 1.0],
    [0.9806312322616577, 0.0, 0.19586306810379028, 0.0, 0.0872122272849083, 0.8953956365585327, -0.43664705753326416, 0.0, -0.17537494003772736, 0.44527140259742737, 0.8780529499053955, 0.0, -3.3823091983795166, 4.958006858825684, 6.632767200469971, 1.0],
    [0.9808186292648315, 0.0, 0.19492244720458984, 0.0, 0.08679339289665222, 0.8953956365585327, -0.4367305040359497, 0.0, -0.1745327115058899, 0.44527140259742737, 0.8782207369804382, 0.0, -3.3793535232543945, 4.9576311111450195, 6.621056079864502, 1.0],
    [0.9810782074928284, 0.0, 0.19361189007759094, 0.0, 0.08620984107255936, 0.8953956365585327, -0.4368460774421692, 0.0, -0.1733592450618744, 0.44527140259742737, 0.8784531354904175, 0.0, -3.3752360343933105, 4.957108020782471, 6.607970714569092, 1.0],
    [0.981407642364502, 0.0, 0.1919349581003189, 0.0, 0.08546315133571625, 0.8953956365585327, -0.4369927644729614, 0.0, -0.17185772955417633, 0.44527140259742737, 0.8787481188774109, 0.0, -3.369969606399536, 4.956439018249512, 6.593526363372803, 1.0],
    [0.981804370880127, 0.0, 0.1898951232433319, 0.0, 0.08455487340688705, 0.8953956365585327, -0.4371694326400757, 0.0, -0.17003126442432404, 0.44527140259742737, 0.8791033625602722, 0.0, -3.363565444946289, 4.955625057220459, 6.577736854553223, 1.0],
    [0.9822654128074646, 0.0, 0.18749581277370453, 0.0, 0.08348651975393295, 0.8953956365585327, -0.43737471103668213, 0.0, -0.16788293421268463, 0.44527140259742737, 0.8795161843299866, 0.0, -3.3560361862182617, 4.9546685218811035, 6.5606184005737305, 1.0],
    [0.9827873706817627, 0.0, 0.1847403347492218, 0.0, 0.08225958794355392, 0.8953956365585327, -0.4376071095466614, 0.0, -0.1654156893491745, 0.44527140259742737, 0.8799835443496704, 0.0, -3.347393274307251, 4.95357084274292, 6.542183876037598, 1.0],
    [0.9833665490150452, 0.0, 0.18163201212882996, 0.0, 0.08087553828954697, 0.8953956365585327, -0.4378650188446045, 0.0, -0.1626325100660324, 0.44527140259742737, 0.8805021643638611, 0.0, -3.337649345397949, 4.952332496643066, 6.522449493408203, 1.0],
    [0.9839989542961121, 0.0, 0.17817409336566925, 0.0, 0.07933583110570908, 0.8953956365585327, -0.4381466209888458, 0.0, -0.15953630208969116, 0.44527140259742737, 0.8810684084892273, 0.0, -3.3268160820007324, 4.950956344604492, 6.501429080963135, 1.0],
    [0.9846802353858948, 0.0, 0.17436978220939636, 0.0, 0.07764188200235367, 0.8953956365585327, -0.4384499490261078, 0.0, -0.15612995624542236, 0.44527140259742737, 0.8816784024238586, 0.0, -3.3149056434631348, 4.949442386627197, 6.479137420654297, 1.0],
    [0.985405683517456, 0.0, 0.17022231221199036, 0.0, 0.07579512894153595, 0.8953956365585327, -0.438772976398468, 0.0, -0.15241631865501404, 0.44527140259742737, 0.8823279738426208, 0.0, -3.3019299507141113, 4.947793960571289, 6.455589294433594, 1.0],
    [0.9861703515052795, 0.0, 0.16573481261730194, 0.0, 0.07379697263240814, 0.8953956365585327, -0.43911346793174744, 0.0, -0.1483982354402542, 0.44527140259742737, 0.8830126523971558, 0.0, -3.2879011631011963, 4.946011543273926, 6.43079948425293, 1.0],
    [0.986968994140625, 0.0, 0.1609104722738266, 0.0, 0.07164883613586426, 0.8953956365585327, -0.4394690692424774, 0.0, -0.14407853782176971, 0.44527140259742737, 0.8837277293205261, 0.0, -3.2728312015533447, 4.94409704208374, 6.404782295227051, 1.0],
    [0.9877961277961731, 0.0, 0.15575245022773743, 0.0, 0.06935211271047592, 0.8953956365585327, -0.43983736634254456, 0.0, -0.13946005702018738, 0.44527140259742737, 0.8844683766365051, 0.0, -3.25673246383667, 4.942051410675049, 6.3775529861450195, 1.0],
    [0.9886459112167358, 0.0, 0.15026390552520752, 0.0, 0.06690821796655655, 0.8953956365585327, -0.4402157664299011, 0.0, -0.13454563915729523, 0.44527140259742737, 0.885229229927063, 0.0, -3.2396163940429688, 4.939876556396484, 6.349124908447266, 1.0],
    [0.9895123839378357, 0.0, 0.14444802701473236, 0.0, 0.06431857496500015, 0.8953956365585327, -0.4406015872955322, 0.0, -0.1293381303548813, 0.44527140259742737, 0.8860051035881042, 0.0, -3.2214953899383545, 4.9375739097595215, 6.319514274597168, 1.0],
    [0.9903892278671265, 0.0, 0.1383080780506134, 0.0, 0.061584629118442535, 0.8953956365585327, -0.4409920275211334, 0.0, -0.12384044378995895, 0.44527140259742737, 0.8867902159690857, 0.0, -3.2023813724517822, 4.935145378112793, 6.2887349128723145, 1.0],
    [0.9912700653076172, 0.0, 0.1318473070859909, 0.0, 0.0587078332901001, 0.8953956365585327, -0.4413841962814331, 0.0, -0.11805550009012222, 0.44527140259742737, 0.8875789046287537, 0.0, -3.1822867393493652, 4.932592391967773, 6.256801605224609, 1.0],
    [0.9921480417251587, 0.0, 0.12506899237632751, 0.0, 0.055689647793769836, 0.8953956365585327, -0.4417751729488373, 0.0, -0.11198623478412628, 0.44527140259742737, 0.8883650302886963, 0.0, -3.1612229347229004, 4.929915904998779, 6.223729133605957, 1.0],
    [0.9930163621902466, 0.0, 0.11797652393579483, 0.0, 0.05253157392144203, 0.8953956365585327, -0.44216179847717285, 0.0, -0.10563566535711288, 0.44527140259742737, 0.8891425728797913, 0.0, -3.139202356338501, 4.927117824554443, 6.18953275680542, 1.0],
    [0.9938679933547974, 0.0, 0.11057332903146744, 0.0, 0.04923514276742935, 0.8953956365585327, -0.4425410032272339, 0.0, -0.09900688380002975, 0.44527140259742737, 0.8899050354957581, 0.0, -3.116237163543701, 4.924200534820557, 6.154225826263428, 1.0],
    [0.9946955442428589, 0.0, 0.10286294668912888, 0.0, 0.045801930129528046, 0.8953956365585327, -0.44290947914123535, 0.0, -0.0921030342578888, 0.44527140259742737, 0.8906460404396057, 0.0, -3.092338800430298, 4.921163558959961, 6.117823600769043, 1.0],
    [0.9954916834831238, 0.0, 0.09484893828630447, 0.0, 0.04223352298140526, 0.8953956365585327, -0.443263977766037, 0.0, -0.08492732793092728, 0.44527140259742737, 0.8913589119911194, 0.0, -3.0675199031829834, 4.918010234832764, 6.080341339111328, 1.0],
    [0.9962487816810608, 0.0, 0.0865350291132927, 0.0, 0.038531575351953506, 0.8953956365585327, -0.4436011016368866, 0.0, -0.07748308777809143, 0.44527140259742737, 0.8920368552207947, 0.0, -3.041792154312134, 4.914741516113281, 6.041792869567871, 1.0],
    [0.9969592094421387, 0.0, 0.07792503386735916, 0.0, 0.03469778969883919, 0.8953956365585327, -0.4439174234867096, 0.0, -0.06977373361587524, 0.44527140259742737, 0.8926729559898376, 0.0, -3.0151679515838623, 4.91135835647583, 6.002193450927734, 1.0],
    [0.9976150989532471, 0.0, 0.06902284175157547, 0.0, 0.030733898282051086, 0.8953956365585327, -0.444209486246109, 0.0, -0.06180275231599808, 0.44527140259742737, 0.8932601809501648, 0.0, -2.987659215927124, 4.907863140106201, 5.961556434631348, 1.0],
    [0.9982084035873413, 0.0, 0.05983252450823784, 0.0, 0.026641711592674255, 0.8953956365585327, -0.4444736838340759, 0.0, -0.05357377976179123, 0.44527140259742737, 0.8937914967536926, 0.0, -2.959277868270874, 4.904257297515869, 5.919898986816406, 1.0],
    [0.9987311959266663, 0.0, 0.050358209758996964, 0.0, 0.022423071786761284, 0.8953956365585327, -0.4447064697742462, 0.0, -0.04509052261710167, 0.44527140259742737, 0.8942595720291138, 0.0, -2.9300355911254883, 4.900541305541992, 5.877233505249023, 1.0],
    [0.9991753101348877, 0.0, 0.040604282170534134, 0.0, 0.01807992532849312, 0.8953956365585327, -0.4449042081832886, 0.0, -0.03635689616203308, 0.44527140259742737, 0.8946571946144104, 0.0, -2.899945020675659, 4.896718502044678, 5.83357572555542, 1.0],
    [0.9995324611663818, 0.0, 0.030575156211853027, 0.0, 0.013614242896437645, 0.8953956365585327, -0.4450632333755493, 0.0, -0.02737686224281788, 0.44527140259742737, 0.8949770331382751, 0.0, -2.8690178394317627, 4.892788887023926, 5.788939476013184, 1.0],
    [0.9997944235801697, 0.0, 0.02027551271021366, 0.0, 0.00902810599654913, 0.8953956365585327, -0.44517987966537476, 0.0, -0.018154606223106384, 0.44527140259742737, 0.8952115774154663, 0.0, -2.837266445159912, 4.888754367828369, 5.743340969085693, 1.0],
    [0.9999528527259827, 0.0, 0.009710073471069336, 0.0, 0.004323618020862341, 0.8953956365585327, -0.44525042176246643, 0.0, -0.008694357238709927, 0.44527140259742737, 0.8953534364700317, 0.0, -2.8047025203704834, 4.884616851806641, 5.696793556213379, 1.0],
    [0.9999994039535522, 0.0, -0.0011161358561366796, 0.0, -0.0004969834117218852, 0.8953956365585327, -0.4452711343765259, 0.0, 0.0009993831627070904, 0.44527140259742737, 0.8953951001167297, 0.0, -2.7713379859924316, 4.880377769470215, 5.6493120193481445, 1.0],
    [0.9999256134033203, 0.0, -0.012198026292026043, 0.0, -0.005431432276964188, 0.8953956365585327, -0.44523829221725464, 0.0, 0.010922059416770935, 0.44527140259742737, 0.8953290581703186, 0.0, -2.737185478210449, 4.876038074493408, 5.6009111404418945, 1.0],
    [0.9997231364250183, 0.0, -0.023530226200819016, 0.0, -0.010477337054908276, 0.8953956365585327, -0.44514814019203186, 0.0, 0.021068861708045006, 0.44527140259742737, 0.8951477408409119, 0.0, -2.702256441116333, 4.871600151062012, 5.551606178283691, 1.0],
    [0.9993835687637329, 0.0, -0.035107262432575226, 0.0, -0.015632260590791702, 0.8953956365585327, -0.4449969232082367, 0.0, 0.03143488988280296, 0.44527140259742737, 0.8948436975479126, 0.0, -2.6665632724761963, 4.8670654296875, 5.501410961151123, 1.0],
    [0.9988985061645508, 0.0, -0.0469234324991703, 0.0, -0.02089366316795349, 0.8953956365585327, -0.44478094577789307, 0.0, 0.042015038430690765, 0.44527140259742737, 0.8944093585014343, 0.0, -2.630117416381836, 4.862434387207031, 5.450340270996094, 1.0],
    [0.9982596039772034, 0.0, -0.058972813189029694, 0.0, -0.026258908212184906, 0.8953956365585327, -0.4444964528083801, 0.0, 0.05280400067567825, 0.44527140259742737, 0.8938372731208801, 0.0, -2.5929319858551025, 4.857709884643555, 5.398409366607666, 1.0],
    [0.9974585175514221, 0.0, -0.07124930620193481, 0.0, -0.03172527998685837, 0.8953956365585327, -0.4441397786140442, 0.0, 0.06379631906747818, 0.44527140259742737, 0.8931200504302979, 0.0, -2.5550179481506348, 4.8528923988342285, 5.345632076263428, 1.0],
    [0.9964870810508728, 0.0, -0.0837465226650238, 0.0, -0.03728993237018585, 0.8953956365585327, -0.4437071979045868, 0.0, 0.07498627156019211, 0.44527140259742737, 0.8922501802444458, 0.0, -2.516387939453125, 4.8479838371276855, 5.2920241355896, 1.0],
    [0.9953370690345764, 0.0, -0.09645804762840271, 0.0, -0.04295000806450844, 0.8953956365585327, -0.4431951344013214, 0.0, 0.08636811375617981, 0.44527140259742737, 0.8912204504013062, 0.0, -2.4770538806915283, 4.842986106872559, 5.2375993728637695, 1.0],
    [0.9940003156661987, 0.0, -0.10937704145908356, 0.0, -0.04870247095823288, 0.8953956365585327, -0.44259992241859436, 0.0, 0.09793572872877121, 0.44527140259742737, 0.8900235891342163, 0.0, -2.4370276927948, 4.837900638580322, 5.182372570037842, 1.0],
    [0.9924689531326294, 0.0, -0.12249661237001419, 0.0, -0.05454424023628235, 0.8953956365585327, -0.4419180452823639, 0.0, 0.10968293249607086, 0.44527140259742737, 0.8886523842811584, 0.0, -2.3963215351104736, 4.832728385925293, 5.126358509063721, 1.0],
    [0.9907349944114685, 0.0, -0.135809525847435, 0.0, -0.06047210097312927, 0.8953956365585327, -0.44114595651626587, 0.0, 0.12160325795412064, 0.44527140259742737, 0.8870998024940491, 0.0, -2.354947328567505, 4.827471733093262, 5.069572448730469, 1.0],
    [0.9887906908988953, 0.0, -0.1493084728717804, 0.0, -0.0664827972650528, 0.8953956365585327, -0.4402801990509033, 0.0, 0.13369016349315643, 0.44527140259742737, 0.8853588700294495, 0.0, -2.3129169940948486, 4.822131156921387, 5.012027740478516, 1.0],
    [0.9866284132003784, 0.0, -0.16298580169677734, 0.0, -0.07257291674613953, 0.8953956365585327, -0.4393174350261688, 0.0, 0.1459367722272873, 0.44527140259742737, 0.8834227919578552, 0.0, -2.270242929458618, 4.816709041595459, 4.953739643096924, 1.0],
    [0.9842407703399658, 0.0, -0.1768336445093155, 0.0, -0.0787389725446701, 0.8953956365585327, -0.4382542669773102, 0.0, 0.1583360880613327, 0.44527140259742737, 0.8812848925590515, 0.0, -2.2269372940063477, 4.811206817626953, 4.894723415374756, 1.0],
    [0.9816203713417053, 0.0, -0.19084401428699493, 0.0, -0.08497738093137741, 0.8953956365585327, -0.4370874762535095, 0.0, 0.17088089883327484, 0.44527140259742737, 0.878938615322113, 0.0, -2.183011293411255, 4.8056254386901855, 4.834993362426758, 1.0],
    [0.9787601828575134, 0.0, -0.20500867068767548, 0.0, -0.09128449857234955, 0.8953956365585327, -0.43581390380859375, 0.0, 0.18356387317180634, 0.44527140259742737, 0.8763775825500488, 0.0, -2.1384775638580322, 4.799967288970947, 4.774563789367676, 1.0],
    [0.9756531715393066, 0.0, -0.21931923925876617, 0.0, -0.09765658527612686, 0.8953956365585327, -0.43443045020103455, 0.0, 0.1963774859905243, 0.44527140259742737, 0.8735955953598022, 0.0, -2.0933480262756348, 4.794233322143555, 4.713449478149414, 1.0],
    [0.9722926616668701, 0.0, -0.2337668389081955, 0.0, -0.10408968478441238, 0.8953956365585327, -0.43293413519859314, 0.0, 0.20931380987167358, 0.44527140259742737, 0.870586633682251, 0.0, -2.047635078430176, 4.788424968719482, 4.651665210723877, 1.0],
    [0.9686722159385681, 0.0, -0.24834270775318146, 0.0, -0.11057990789413452, 0.8953956365585327, -0.43132203817367554, 0.0, 0.22236497700214386, 0.44527140259742737, 0.8673449158668518, 0.0, -2.001350164413452, 4.782544136047363, 4.589226245880127, 1.0],
    [0.9647855758666992, 0.0, -0.26303771138191223, 0.0, -0.11712317913770676, 0.8953956365585327, -0.42959141731262207, 0.0, 0.23552283644676208, 0.44527140259742737, 0.8638647794723511, 0.0, -1.9545059204101562, 4.776592254638672, 4.526145935058594, 1.0],
    [0.9606265425682068, 0.0, -0.27784281969070435, 0.0, -0.12371546775102615, 0.8953956365585327, -0.42773953080177307, 0.0, 0.24877925217151642, 0.44527140259742737, 0.860140860080719, 0.0, -1.9071135520935059, 4.770570755004883, 4.46243953704834, 1.0],
