[[-0.9103255271911621, 1.952911361513543e-06, -0.4138930141925812, 0.0, -0.03606358915567398, 0.9961963295936584, 0.07932376861572266, 0.0, 0.4123188555240631, 0.08713691681623459, -0.9068629145622253, 0.0, 1.1914863586425781, 4.559406280517578, -20.495819091796875, 1.0], [-0.9102872610092163, 1.9525248262652894e-06, -0.4139772057533264, 0.0, -0.03606443852186203, 0.9961977005004883, 0.07930616289377213, 0.0, 0.41240331530570984, 0.08712124079465866, -0.9068260192871094, 0.0, 1.191085696220398, 4.559126853942871, -20.491640090942383, 1.0], [-0.9101734161376953, 1.9513747702148976e-06, -0.4142274260520935, 0.0, -0.03606690838932991, 0.9962018132209778, 0.07925376296043396, 0.0, 0.4126542806625366, 0.08707457035779953, -0.9067162871360779, 0.0, 1.1898808479309082, 4.558298587799072, -20.479225158691406, 1.0], [-0.9099858403205872, 1.9494755179039203e-06, -0.41463926434516907, 0.0, -0.03607095777988434, 0.9962084889411926, 0.07916762679815292, 0.0, 0.4130673110485077, 0.086997851729393, -0.9065355658531189, 0.0, 1.187867522239685, 4.5569329261779785, -20.458768844604492, 1.0], [-0.9097257852554321, 1.946841166500235e-06, -0.41520956158638, 0.0, -0.03607644513249397, 0.9962177872657776, 0.07904830574989319, 0.0, 0.4136393070220947, 0.08689156919717789, -0.9062849283218384, 0.0, 1.1850414276123047, 4.555043697357178, -20.430456161499023, 1.0], [-0.9093949794769287, 1.943485813171719e-06, -0.41593363881111145, 0.0, -0.03608320280909538, 0.9962295293807983, 0.07889676094055176, 0.0, 0.4143655300140381, 0.08675653487443924, -0.90596604347229, 0.0, 1.181398630142212, 4.552641868591309, -20.39447784423828, 1.0], [-0.9089944958686829, 1.9394242372072767e-06, -0.4168080985546112, 0.0, -0.03609100729227066, 0.9962437748908997, 0.07871358841657639, 0.0, 0.41524261236190796, 0.08659324049949646, -0.9055800437927246, 0.0, 1.1769344806671143, 4.549741268157959, -20.351022720336914, 1.0], [-0.9085258841514587, 1.9346698536537588e-06, -0.41782858967781067, 0.0, -0.036099787801504135, 0.9962602853775024, 0.078499935567379, 0.0, 0.41626617312431335, 0.08640274405479431, -0.9051281809806824, 0.0, 1.171644926071167, 4.5463547706604, -20.300281524658203, 1.0], [-0.9079902768135071, 1.9292372144263936e-06, -0.41899120807647705, 0.0, -0.036109283566474915, 0.9962791204452515, 0.0782565325498581, 0.0, 0.41743233799934387, 0.08618564158678055, -0.9046116471290588, 0.0, 1.1655259132385254, 4.54249382019043, -20.242443084716797, 1.0], [-0.9073889851570129, 1.9231406440667342e-06, -0.42029184103012085, 0.0, -0.03611920401453972, 0.9963001012802124, 0.07798410952091217, 0.0, 0.4187369644641876, 0.08594252914190292, -0.9040316343307495, 0.0, 1.158572793006897, 4.538171768188477, -20.17769432067871, 1.0], [-0.9067230820655823, 1.9163944671163335e-06, -0.4217264950275421, 0.0, -0.036129310727119446, 0.9963232278823853, 0.07768350094556808, 0.0, 0.42017605900764465, 0.08567410707473755, -0.9033892154693604, 0.0, 1.1507816314697266, 4.5334014892578125, -20.10622787475586, 1.0], [-0.9059937596321106, 1.9090125533693936e-06, -0.42329102754592896, 0.0, -0.03613938018679619, 0.9963483810424805, 0.07735565304756165, 0.0, 0.4217454493045807, 0.08538121730089188, -0.9026853442192078, 0.0, 1.1421481370925903, 4.528195381164551, -20.028230667114258, 1.0], [-0.9052022099494934, 1.9010092273674672e-06, -0.42498117685317993, 0.0, -0.036149121820926666, 0.9963754415512085, 0.0770014300942421, 0.0, 0.42344096302986145, 0.08506456017494202, -0.9019211530685425, 0.0, 1.1326680183410645, 4.522565841674805, -19.943893432617188, 1.0], [-0.9043492674827576, 1.8923989273389452e-06, -0.4267931878566742, 0.0, -0.03615828603506088, 0.9964044094085693, 0.0766216591000557, 0.0, 0.4252587556838989, 0.08472485095262527, -0.9010974764823914, 0.0, 1.1223371028900146, 4.516525745391846, -19.853403091430664, 1.0], [-0.9034361839294434, 1.8831956367648672e-06, -0.4287225902080536, 0.0, -0.036166492849588394, 0.9964351058006287, 0.07621710747480392, 0.0, 0.42719438672065735, 0.0843626856803894, -0.9002154469490051, 0.0, 1.1111509799957275, 4.510087490081787, -19.75695037841797, 1.0], [-0.902463972568512, 1.8734136801867862e-06, -0.43076539039611816, 0.0, -0.036173462867736816, 0.9964675307273865, 0.07578861713409424, 0.0, 0.42924386262893677, 0.08397876471281052, -0.8992759585380554, 0.0, 1.0991054773330688, 4.503264427185059, -19.654727935791016, 1.0], [-0.901433527469635, 1.8630672684594174e-06, -0.4329175353050232, 0.0, -0.03617894649505615, 0.9965015649795532, 0.07533714920282364, 0.0, 0.43140313029289246, 0.08357392996549606, -0.8982798457145691, 0.0, 1.0861965417861938, 4.496068000793457, -19.546918869018555, 1.0], [-0.9003461003303528, 1.8521703850638005e-06, -0.43517452478408813, 0.0, -0.03618256375193596, 0.9965371489524841, 0.07486347109079361, 0.0, 0.43366771936416626, 0.0831487625837326, -0.8972283005714417, 0.0, 1.0724197626113892, 4.48851203918457, -19.433717727661133, 1.0], [-0.8992026448249817, 1.840737581915164e-06, -0.43753236532211304, 0.0, -0.03618402034044266, 0.9965741634368896, 0.0743684470653534, 0.0, 0.43603357672691345, 0.08270398527383804, -0.8961220979690552, 0.0, 1.057770848274231, 4.4806084632873535, -19.315309524536133, 1.0], [-0.8980042934417725, 1.8287828424945474e-06, -0.4399867355823517, 0.0, -0.036183055490255356, 0.996612548828125, 0.07385304570198059, 0.0, 0.4384964108467102, 0.08224041014909744, -0.8949622511863708, 0.0, 1.042245626449585, 4.472370147705078, -19.19188690185547, 1.0], [-0.8967518210411072, 1.8163206050303415e-06, -0.44253382086753845, 0.0, -0.036179397255182266, 0.9966521263122559, 0.07331812381744385, 0.0, 0.4410524368286133, 0.0817587673664093, -0.8937495350837708, 0.0, 1.025839924812317, 4.463809967041016, -19.063636779785156, 1.0], [-0.8954463601112366, 1.8033648530035862e-06, -0.4451693892478943, 0.0, -0.036172691732645035, 0.996692955493927, 0.07276444882154465, 0.0, 0.4436973035335541, 0.08125963807106018, -0.8924850225448608, 0.0, 1.008549451828003, 4.454939365386963, -18.930749893188477, 1.0], [-0.8940893411636353, 1.7899299109558342e-06, -0.44788867235183716, 0.0, -0.0361626073718071, 0.9967349171638489, 0.07219290733337402, 0.0, 0.4464264214038849, 0.08074373006820679, -0.8911699652671814, 0.0, 0.9903699159622192, 4.445772647857666, -18.79341697692871, 1.0], [-0.892681360244751, 1.7760299897418008e-06, -0.45068836212158203, 0.0, -0.036148980259895325, 0.9967778325080872, 0.07160444557666779, 0.0, 0.44923630356788635, 0.08021187782287598, -0.8898048996925354, 0.0, 0.9712971448898315, 4.43632173538208, -18.65182113647461, 1.0], [-0.8912238478660583, 1.761679413903039e-06, -0.45356371998786926, 0.0, -0.036131441593170166, 0.9968217015266418, 0.07099985331296921, 0.0, 0.4521222710609436, 0.0796646773815155, -0.8883912563323975, 0.0, 0.9513267874717712, 4.426599025726318, -18.50615882873535, 1.0], [-0.8897179365158081, 1.7468921669205884e-06, -0.4565107226371765, 0.0, -0.0361097976565361, 0.9968664646148682, 0.07038010656833649, 0.0, 0.4550803303718567, 0.07910295575857162, -0.8869298696517944, 0.0, 0.9304547905921936, 4.416616916656494, -18.356616973876953, 1.0], [-0.8881646394729614, 1.7316824596491642e-06, -0.45952534675598145, 0.0, -0.03608369827270508, 0.9969120025634766, 0.06974586099386215, 0.0, 0.45810645818710327, 0.07852718234062195, -0.8854219317436218, 0.0, 0.9086766839027405, 4.406388759613037, -18.203380584716797, 1.0], [-0.8865653276443481, 1.716064844003995e-06, -0.4626033902168274, 0.0, -0.036053065210580826, 0.9969581961631775, 0.06909830123186111, 0.0, 0.4611963629722595, 0.07793843001127243, -0.8838685154914856, 0.0, 0.8859884142875671, 4.395926475524902, -18.04664421081543, 1.0], [-0.8849212527275085, 1.7000533034661203e-06, -0.4657406508922577, 0.0, -0.03601745143532753, 0.9970049858093262, 0.06843788176774979, 0.0, 0.46434590220451355, 0.07733692973852158, -0.882270872592926, 0.0, 0.862385630607605, 4.385243892669678, -17.886598587036133, 1.0], [-0.8832335472106934, 1.6836620488902554e-06, -0.4689333438873291, 0.0, -0.03597690165042877, 0.9970523715019226, 0.06776589155197144, 0.0, 0.46755123138427734, 0.07672387361526489, -0.8806300759315491, 0.0, 0.8378641605377197, 4.37435245513916, -17.723426818847656, 1.0], [-0.881503701210022, 1.6669051774442778e-06, -0.472177118062973, 0.0, -0.03593108803033829, 0.9971002340316772, 0.06708298623561859, 0.0, 0.4708079993724823, 0.07609973847866058, -0.8789474964141846, 0.0, 0.8124197721481323, 4.363265037536621, -17.557321548461914, 1.0], [-0.879733145236969, 1.6497972410434159e-06, -0.4754677414894104, 0.0, -0.03587983548641205, 0.9971484541893005, 0.06639004498720169, 0.0, 0.47411203384399414, 0.07546523213386536, -0.8772245049476624, 0.0, 0.7860481142997742, 4.351994514465332, -17.388473510742188, 1.0], [-0.8779232501983643, 1.6323521094818716e-06, -0.4788013696670532, 0.0, -0.035822995007038116, 0.9971969723701477, 0.06568793207406998, 0.0, 0.4774593710899353, 0.07482106238603592, -0.8754623532295227, 0.0, 0.7587450742721558, 4.340553283691406, -17.217069625854492, 1.0], [-0.8760753273963928, 1.614584107301198e-06, -0.48217424750328064, 0.0, -0.035760462284088135, 0.9972457885742188, 0.0649774819612503, 0.0, 0.4808463156223297, 0.07416794449090958, -0.8736623525619507, 0.0, 0.730506181716919, 4.328954696655273, -17.043296813964844, 1.0], [-0.8741912841796875, 1.5965076727297856e-06, -0.4855816662311554, 0.0, -0.03569212183356285, 0.9972947239875793, 0.06425970047712326, 0.0, 0.4842681288719177, 0.07350671291351318, -0.8718262910842896, 0.0, 0.7013274431228638, 4.3172101974487305, -16.867351531982422, 1.0], [-0.8722721934318542, 1.5781366755618365e-06, -0.4890206456184387, 0.0, -0.0356178916990757, 0.9973437786102295, 0.06353529542684555, 0.0, 0.4877218008041382, 0.0728379562497139, -0.8699552416801453, 0.0, 0.6712046265602112, 4.305333137512207, -16.689416885375977, 1.0], [-0.870320200920105, 1.5594855540257413e-06, -0.49248626828193665, 0.0, -0.03553757444024086, 0.9973928928375244, 0.06280504912137985, 0.0, 0.49120238423347473, 0.07216227054595947, -0.8680511713027954, 0.0, 0.6401333808898926, 4.293336391448975, -16.50968360900879, 1.0], [-0.8683367371559143, 1.5405685189762153e-06, -0.495975136756897, 0.0, -0.03545133024454117, 0.9974420070648193, 0.062070105224847794, 0.0, 0.49470651149749756, 0.07148072868585587, -0.8661154508590698, 0.0, 0.6081095337867737, 4.2812323570251465, -16.32834243774414, 1.0], [-0.8663235306739807, 1.5213996675811359e-06, -0.49948328733444214, 0.0, -0.03535894677042961, 0.9974910020828247, 0.061330992728471756, 0.0, 0.4982301592826843, 0.07079368084669113, -0.8641498684883118, 0.0, 0.5751286745071411, 4.269032955169678, -16.145580291748047, 1.0], [-0.864282488822937, 1.5019934380688937e-06, -0.5030067563056946, 0.0, -0.035260528326034546, 0.9975398182868958, 0.06058875843882561, 0.0, 0.5017693638801575, 0.07010208815336227, -0.8621561527252197, 0.0, 0.5411867499351501, 4.256752014160156, -15.961590766906738, 1.0], [-0.8622153997421265, 1.4823635865468532e-06, -0.5065418481826782, 0.0, -0.035155974328517914, 0.9975884556770325, 0.05984402447938919, 0.0, 0.5053203701972961, 0.0694064125418663, -0.860136091709137, 0.0, 0.506279468536377, 4.244400978088379, -15.776557922363281, 1.0], [-0.8601243495941162, 1.462524892303918e-06, -0.5100844502449036, 0.0, -0.03504536673426628, 0.9976368546485901, 0.05909772962331772, 0.0, 0.5088791251182556, 0.06870748847723007, -0.8580917119979858, 0.0, 0.4704025387763977, 4.231993675231934, -15.59067440032959, 1.0], [-0.85801100730896, 1.4424911114474526e-06, -0.513631284236908, 0.0, -0.03492885082960129, 0.997684895992279, 0.05835077166557312, 0.0, 0.5124422311782837, 0.06800615787506104, -0.8560246229171753, 0.0, 0.43355172872543335, 4.219542026519775, -15.40412712097168, 1.0], [-0.8558779358863831, 1.422276909579523e-06, -0.5171778798103333, 0.0, -0.034806352108716965, 0.9977325797080994, 0.05760378763079643, 0.0, 0.5160053372383118, 0.0673028901219368, -0.8539372682571411, 0.0, 0.395722895860672, 4.207058429718018, -15.217108726501465, 1.0], [-0.8537266850471497, 1.4018960428074934e-06, -0.5207213759422302, 0.0, -0.0346781387925148, 0.9977798461914062, 0.05685775727033615, 0.0, 0.5195654034614563, 0.06659863144159317, -0.8518311977386475, 0.0, 0.35691171884536743, 4.19455623626709, -15.029805183410645, 1.0], [-0.8515597581863403, 1.3813629493597546e-06, -0.5242575407028198, 0.0, -0.03454424813389778, 0.9978266358375549, 0.05611339211463928, 0.0, 0.5231181979179382, 0.0658939853310585, -0.8497089743614197, 0.0, 0.31711384654045105, 4.1820478439331055, -14.842406272888184, 1.0], [-0.8493791818618774, 1.3606918400910217e-06, -0.5277830958366394, 0.0, -0.034404851496219635, 0.9978728890419006, 0.05537146329879761, 0.0, 0.5266605019569397, 0.0651896670460701, -0.8475724458694458, 0.0, 0.2763252556324005, 4.1695451736450195, -14.655102729797363, 1.0], [-0.8471875786781311, 1.3398968121691723e-06, -0.5312938690185547, 0.0, -0.03426002711057663, 0.9979186058044434, 0.054632674902677536, 0.0, 0.5301881432533264, 0.06448626518249512, -0.8454241752624512, 0.0, 0.23454150557518005, 4.15706205368042, -14.468082427978516, 1.0], [-0.8449867963790894, 1.318992303822597e-06, -0.534787118434906, 0.0, -0.03411014378070831, 0.9979636669158936, 0.05389796569943428, 0.0, 0.5336982011795044, 0.06378473341464996, -0.8432661294937134, 0.0, 0.19175848364830017, 4.144610404968262, -14.281536102294922, 1.0], [-0.8427796363830566, 1.2979924122191733e-06, -0.5382587909698486, 0.0, -0.03395526111125946, 0.998008131980896, 0.0531679168343544, 0.0, 0.5371867418289185, 0.06308555603027344, -0.8411008715629578, 0.0, 0.1479720026254654, 4.132202625274658, -14.09565258026123, 1.0], [-0.840568482875824, 1.2769113482136163e-06, -0.541705310344696, 0.0, -0.03379574790596962, 0.9980518817901611, 0.0524434819817543, 0.0, 0.5406500697135925, 0.06238967180252075, -0.8389309048652649, 0.0, 0.10317773371934891, 4.119852066040039, -13.91062068939209, 1.0], [-0.8383557200431824, 1.2557633226606413e-06, -0.5451235771179199, 0.0, -0.03363174945116043, 0.998094916343689, 0.05172519013285637, 0.0, 0.5440851449966431, 0.061697568744421005, -0.8367584943771362, 0.0, 0.057371363043785095, 4.107570648193359, -13.726629257202148, 1.0], [-0.8361440896987915, 1.2345624327281257e-06, -0.5485098361968994, 0.0, -0.03346359729766846, 0.9981371760368347, 0.05101389065384865, 0.0, 0.5474881529808044, 0.061010073870420456, -0.8345864415168762, 0.0, 0.010548673570156097, 4.095371723175049, -13.543868064880371, 1.0], [-0.8339359164237976, 1.213323230331298e-06, -0.5518613457679749, 0.0, -0.03329163044691086, 0.9981786012649536, 0.050310276448726654, 0.0, 0.5508562326431274, 0.06032790616154671, -0.8324169516563416, 0.0, -0.03729435056447983, 4.0832672119140625, -13.362526893615723, 1.0], [-0.8317341208457947, 1.1920596989511978e-06, -0.5551741719245911, 0.0, -0.033116135746240616, 0.9982192516326904, 0.049615081399679184, 0.0, 0.5541855692863464, 0.059651780873537064, -0.8302529454231262, 0.0, -0.08616230636835098, 4.07127046585083, -13.182794570922852, 1.0], [-0.8295415639877319, 1.1707859357557027e-06, -0.5584449768066406, 0.0, -0.03293745964765549, 0.9982590079307556, 0.04892900958657265, 0.0, 0.557472825050354, 0.05898240953683853, -0.8280972838401794, 0.0, -0.1360592097043991, 4.059393405914307, -13.004859924316406, 1.0], [-0.8273607492446899, 1.1495163789732032e-06, -0.5616708397865295, 0.0, -0.032755911350250244, 0.998297929763794, 0.0482526458799839, 0.0, 0.5607149004936218, 0.058320388197898865, -0.8259524703025818, 0.0, -0.18698927760124207, 4.047649383544922, -12.828912734985352, 1.0], [-0.8251945376396179, 1.1282652394584147e-06, -0.5648486614227295, 0.0, -0.03257201611995697, 0.9983358979225159, 0.04758685827255249, 0.0, 0.5639087557792664, 0.05766667425632477, -0.8238212466239929, 0.0, -0.23895686864852905, 4.036050319671631, -12.655141830444336, 1.0], [-0.8230458498001099, 1.1070466143792146e-06, -0.5679749846458435, 0.0, -0.03238601237535477, 0.9983729124069214, 0.04693213477730751, 0.0, 0.5670508742332458, 0.057021740823984146, -0.8217066526412964, 0.0, -0.29196614027023315, 4.024609088897705, -12.48373794555664, 1.0], [-0.8209178447723389, 1.0858746009034803e-06, -0.5710462927818298, 0.0, -0.03219843655824661, 0.9984090328216553, 0.046289339661598206, 0.0, 0.5701377987861633, 0.056386545300483704, -0.8196117281913757, 0.0, -0.3460214138031006, 4.013339042663574, -12.314888000488281, 1.0], [-0.8188130259513855, 1.0647636372596025e-06, -0.5740602612495422, 0.0, -0.032009556889534, 0.998444139957428, 0.04565880820155144, 0.0, 0.5731671452522278, 0.055761441588401794, -0.8175390362739563, 0.0, -0.4011268615722656, 4.002251625061035, -12.148784637451172, 1.0], [-0.8167347311973572, 1.0437280479891342e-06, -0.5770133137702942, 0.0, -0.03181999549269676, 0.9984782338142395, 0.045041486620903015, 0.0, 0.5761352777481079, 0.055147506296634674, -0.815491795539856, 0.0, -0.4572867751121521, 3.9913599491119385, -11.985612869262695, 1.0], [-0.8146857023239136, 1.0227817028862773e-06, -0.579902708530426, 0.0, -0.03163008764386177, 0.9985113143920898, 0.04443780332803726, 0.0, 0.579039454460144, 0.054545216262340546, -0.8134728670120239, 0.0, -0.5145054459571838, 3.9806771278381348, -11.825565338134766, 1.0], [-0.8126692771911621, 1.0019391538662603e-06, -0.5827251672744751, 0.0, -0.03144029155373573, 0.998543381690979, 0.04384838789701462, 0.0, 0.5818763971328735, 0.053955286741256714, -0.8114854693412781, 0.0, -0.5727868676185608, 3.970215320587158, -11.668829917907715, 1.0], [-0.8106884360313416, 9.812141570364474e-07, -0.5854777693748474, 0.0, -0.03125130012631416, 0.9985743165016174, 0.04327413812279701, 0.0, 0.5846431255340576, 0.05337878689169884, -0.809532642364502, 0.0, -0.6321356296539307, 3.959987163543701, -11.515595436096191, 1.0], [-0.8087463974952698, 9.606213779989048e-07, -0.5881575345993042, 0.0, -0.031063329428434372, 0.9986042380332947, 0.04271528124809265, 0.0, 0.5873366594314575, 0.052815958857536316, -0.8076175451278687, 0.0, -0.6925559043884277, 3.950005054473877, -11.36605167388916, 1.0], [-0.8068461418151855, 9.401749707649287e-07, -0.5907616019248962, 0.0, -0.03087702766060829, 0.998633086681366, 0.042172595858573914, 0.0, 0.589954137802124, 0.052267760038375854, -0.8057432770729065, 0.0, -0.7540514469146729, 3.940282106399536, -11.220389366149902, 1.0], [-0.8049910068511963, 9.198890325023967e-07, -0.5932869911193848, 0.0, -0.030692903324961662, 0.9986608624458313, 0.04164667800068855, 0.0, 0.5924925208091736, 0.05173490196466446, -0.8039129972457886, 0.0, -0.8166270852088928, 3.93083119392395, -11.07879638671875, 1.0], [-0.8031840920448303, 8.997776603791863e-07, -0.5957309007644653, 0.0, -0.030511410906910896, 0.9986875057220459, 0.04113800451159477, 0.0, 0.5949490070343018, 0.051217980682849884, -0.802129864692688, 0.0, -0.8802869319915771, 3.921664237976074, -10.941462516784668, 1.0], [-0.8014286756515503, 8.798552357802691e-07, -0.598090410232544, 0.0, -0.0303331445902586, 0.9987130165100098, 0.040647249668836594, 0.0, 0.5973206758499146, 0.05071783438324928, -0.8003972172737122, 0.0, -0.9450352191925049, 3.9127938747406006, -10.808573722839355, 1.0], [-0.7997277975082397, 8.601359127169417e-07, -0.6003627181053162, 0.0, -0.030158568173646927, 0.9987373948097229, 0.04017488658428192, 0.0, 0.5996047854423523, 0.05023505538702011, -0.7987180948257446, 0.0, -1.0108764171600342, 3.904233455657959, -10.680323600769043, 1.0], [-0.7980849146842957, 8.406339588873379e-07, -0.6025450229644775, 0.0, -0.029988357797265053, 0.9987607002258301, 0.03972167149186134, 0.0, 0.6017982959747314, 0.049770601093769073, -0.797095775604248, 0.0, -1.0778138637542725, 3.8959951400756836, -10.556899070739746, 1.0], [-0.7965032458305359, 8.213636988330109e-07, -0.6046342849731445, 0.0, -0.029822830110788345, 0.9987828135490417, 0.039287883788347244, 0.0, 0.6038983464241028, 0.04932482913136482, -0.7955337166786194, 0.0, -1.1458526849746704, 3.888091564178467, -10.438491821289062, 1.0], [-0.7949857711791992, 8.023392297218379e-07, -0.6066280603408813, 0.0, -0.029662683606147766, 0.9988037347793579, 0.03887425363063812, 0.0, 0.605902373790741, 0.04889869689941406, -0.7940347790718079, 0.0, -1.2149968147277832, 3.88053560256958, -10.32529067993164, 1.0], [-0.793536365032196, 7.835747055651154e-07, -0.6085228323936462, 0.0, -0.029508424922823906, 0.9988235235214233, 0.03848136588931084, 0.0, 0.6078069806098938, 0.0484929122030735, -0.7926027774810791, 0.0, -1.2852504253387451, 3.8733396530151367, -10.217482566833496, 1.0], [-0.7921574711799622, 7.650845645912341e-07, -0.6103167533874512, 0.0, -0.029360558837652206, 0.9988421201705933, 0.03810964152216911, 0.0, 0.6096100807189941, 0.04810807853937149, -0.7912402749061584, 0.0, -1.3566179275512695, 3.86651611328125, -10.11525821685791, 1.0], [-0.7908530831336975, 7.468825060641393e-07, -0.6120060682296753, 0.0, -0.029219655320048332, 0.9988595843315125, 0.03775975853204727, 0.0, 0.6113081574440002, 0.047745026648044586, -0.7899511456489563, 0.0, -1.4291036128997803, 3.8600780963897705, -10.018807411193848, 1.0], [-0.7896256446838379, 7.289833092727349e-07, -0.6135888695716858, 0.0, -0.02908620983362198, 0.9988757967948914, 0.03743214160203934, 0.0, 0.612899124622345, 0.04740435630083084, -0.788737952709198, 0.0, -1.5027114152908325, 3.8540380001068115, -9.928316116333008, 1.0], [-0.7884791493415833, 7.114010713848984e-07, -0.6150615215301514, 0.0, -0.028960779309272766, 0.9988908171653748, 0.03712747246026993, 0.0, 0.614379346370697, 0.04708689823746681, -0.7876045107841492, 0.0, -1.5774457454681396, 3.8484086990356445, -9.843979835510254, 1.0], [-0.7874162793159485, 6.94149548507994e-07, -0.616421639919281, 0.0, -0.028843827545642853, 0.9989045858383179, 0.03684619441628456, 0.0, 0.6157464385032654, 0.04679325222969055, -0.786553680896759, 0.0, -1.6533111333847046, 3.8432021141052246, -9.765981674194336, 1.0], [-0.7864403128623962, 6.772435199309257e-07, -0.6176663041114807, 0.0, -0.02873600274324417, 0.9989171624183655, 0.03658905625343323, 0.0, 0.616997480392456, 0.046524371951818466, -0.7855886816978455, 0.0, -1.730311393737793, 3.8384320735931396, -9.694513320922852, 1.0], [-0.7855544686317444, 6.606973101952462e-07, -0.6187925338745117, 0.0, -0.028637506067752838, 0.9989284873008728, 0.036356255412101746, 0.0, 0.618129551410675, 0.04628049209713936, -0.7847126722335815, 0.0, -1.808450698852539, 3.8341102600097656, -9.629768371582031, 1.0], [-0.7847617268562317, 6.445244480346446e-07, -0.6197975873947144, 0.0, -0.028549114242196083, 0.9989385604858398, 0.03614872694015503, 0.0, 0.6191397309303284, 0.046062808483839035, -0.7839286923408508, 0.0, -1.887733817100525, 3.830249309539795, -9.571929931640625, 1.0], [-0.7840651869773865, 6.287394853643491e-07, -0.6206784844398499, 0.0, -0.028471073135733604, 0.9989473223686218, 0.03596678003668785, 0.0, 0.620025098323822, 0.04587168246507645, -0.7832398414611816, 0.0, -1.9681648015975952, 3.826862335205078, -9.521186828613281, 1.0], [-0.7834678888320923, 6.133569740995881e-07, -0.6214323043823242, 0.0, -0.028404057025909424, 0.9989548325538635, 0.03581127151846886, 0.0, 0.6207827925682068, 0.04570817947387695, -0.782649040222168, 0.0, -2.0497474670410156, 3.8239619731903076, -9.477731704711914, 1.0], [-0.7829727530479431, 5.983905566608883e-07, -0.6220559477806091, 0.0, -0.028348276391625404, 0.9989610314369202, 0.03568252548575401, 0.0, 0.6214097142219543, 0.045572660863399506, -0.7821592688560486, 0.0, -2.132486343383789, 3.8215603828430176, -9.441753387451172, 1.0], [-0.7825829982757568, 5.838550123371533e-07, -0.6225462555885315, 0.0, -0.02830428071320057, 0.998965859413147, 0.03558134287595749, 0.0, 0.6219024658203125, 0.04546607658267021, -0.7817736864089966, 0.0, -2.216386079788208, 3.8196706771850586, -9.413442611694336, 1.0], [-0.7823009490966797, 5.697639835489099e-07, -0.622900664806366, 0.0, -0.028272487223148346, 0.9989693760871887, 0.035508327186107635, 0.0, 0.622258722782135, 0.04538914933800697, -0.781494677066803, 0.0, -2.30145001411438, 3.818305015563965, -9.392982482910156, 1.0], [-0.7821299433708191, 5.561321358982241e-07, -0.6231153607368469, 0.0, -0.02825307846069336, 0.9989715218544006, 0.035463955253362656, 0.0, 0.6224744915962219, 0.045342348515987396, -0.7813255190849304, 0.0, -2.387683391571045, 3.817476749420166, -9.380571365356445, 1.0], [-0.7820721864700317, 5.429733391792979e-07, -0.6231878995895386, 0.0, -0.028246581554412842, 0.9989722371101379, 0.03544903174042702, 0.0, 0.6225473880767822, 0.04532662779092789, -0.7812683582305908, 0.0, -2.475090265274048, 3.817197561264038, -9.37639045715332, 1.0], [-0.7820724844932556, 5.30297938894364e-07, -0.6231874823570251, 0.0, -0.02825414389371872, 0.9989716410636902, 0.03545853868126869, 0.0, 0.6225466728210449, 0.04533877596259117, -0.7812682390213013, 0.0, -2.5636703968048096, 3.8171987533569336, -9.376416206359863, 1.0], [-0.782073974609375, 5.180988296160649e-07, -0.6231856346130371, 0.0, -0.028276925906538963, 0.9989700317382812, 0.035487283021211624, 0.0, 0.6225437521934509, 0.04537545517086983, -0.7812684178352356, 0.0, -2.653411865234375, 3.817206859588623, -9.376493453979492, 1.0], [-0.7820782661437988, 5.063652679382358e-07, -0.6231802105903625, 0.0, -0.028315206989645958, 0.998967170715332, 0.03553580865263939, 0.0, 0.6225365996360779, 0.04543725773692131, -0.7812705039978027, 0.0, -2.7442972660064697, 3.8172290325164795, -9.376620292663574, 1.0], [-0.7820865511894226, 4.950859420205234e-07, -0.6231697797775269, 0.0, -0.02836913801729679, 0.9989632368087769, 0.03560444712638855, 0.0, 0.6225237250328064, 0.04552454873919487, -0.7812756896018982, 0.0, -2.8363096714019775, 3.817272186279297, -9.376795768737793, 1.0], [-0.7821003794670105, 4.842499379265064e-07, -0.6231524348258972, 0.0, -0.028438854962587357, 0.9989580512046814, 0.03569354861974716, 0.0, 0.6225031614303589, 0.04563768208026886, -0.7812854647636414, 0.0, -2.9294328689575195, 3.8173434734344482, -9.377020835876465, 1.0], [-0.7821210622787476, 4.7384622803292586e-07, -0.6231265068054199, 0.0, -0.028524721041321754, 0.9989516735076904, 0.03580373525619507, 0.0, 0.6224732995033264, 0.04577736556529999, -0.7813010811805725, 0.0, -3.0236501693725586, 3.8174495697021484, -9.377291679382324, 1.0], [-0.7821497321128845, 4.638637847165228e-07, -0.6230905652046204, 0.0, -0.028626887127757072, 0.9989440441131592, 0.03593534976243973, 0.0, 0.6224325895309448, 0.0459439642727375, -0.7813237905502319, 0.0, -3.1189451217651367, 3.8175976276397705, -9.377609252929688, 1.0], [-0.7821878790855408, 4.542915235106193e-07, -0.623042643070221, 0.0, -0.028745407238602638, 0.9989351034164429, 0.03608864173293114, 0.0, 0.6223791241645813, 0.04613771289587021, -0.7813549041748047, 0.0, -3.2153003215789795, 3.8177947998046875, -9.377971649169922, 1.0], [-0.7822369337081909, 4.4511844521366584e-07, -0.622981071472168, 0.0, -0.028880707919597626, 0.9989248514175415, 0.03626434504985809, 0.0, 0.6223112940788269, 0.04635944217443466, -0.7813958525657654, 0.0, -3.312699317932129, 3.8180480003356934, -9.378378868103027, 1.0], [-0.7822980880737305, 4.363335222024034e-07, -0.6229042410850525, 0.0, -0.02903292141854763, 0.9989131689071655, 0.03646280616521835, 0.0, 0.6222272515296936, 0.04660951346158981, -0.7814478874206543, 0.0, -3.411126136779785, 3.818364143371582, -9.378828048706055, 1.0], [-0.7823729515075684, 4.27925726853573e-07, -0.6228102445602417, 0.0, -0.029202163219451904, 0.9989001154899597, 0.03668438643217087, 0.0, 0.6221252083778381, 0.04688827693462372, -0.781512439250946, 0.0, -3.510563373565674, 3.8187501430511475, -9.379321098327637, 1.0], [-0.7824625968933105, 4.198840031222062e-07, -0.6226975321769714, 0.0, -0.029388636350631714, 0.9988856315612793, 0.03692953288555145, 0.0, 0.6220036745071411, 0.04719620943069458, -0.7815906405448914, 0.0, -3.6109941005706787, 3.819213390350342, -9.379854202270508, 1.0], [-0.7825684547424316, 4.1219729496333457e-07, -0.6225645542144775, 0.0, -0.0295926034450531, 0.9988695979118347, 0.03719879314303398, 0.0, 0.6218608021736145, 0.04753390699625015, -0.7816838622093201, 0.0, -3.712402105331421, 3.81976056098938, -9.380427360534668, 1.0], [-0.7826919555664062, 4.04854631597118e-07, -0.6224092841148376, 0.0, -0.029814088717103004, 0.9988520741462708, 0.037492454051971436, 0.0, 0.621694803237915, 0.04790160804986954, -0.781793475151062, 0.0, -3.8147711753845215, 3.8203985691070557, -9.381040573120117, 1.0], [-0.7828344106674194, 3.978449285568786e-07, -0.6222301125526428, 0.0, -0.030053341761231422, 0.9988328814506531, 0.037811070680618286, 0.0, 0.6215039491653442, 0.04829990118741989, -0.7819207310676575, 0.0, -3.918083667755127, 3.8211348056793213, -9.381691932678223, 1.0], [-0.7829970717430115, 3.9115715821935737e-07, -0.6220253705978394, 0.0, -0.030310532078146935, 0.9988120198249817, 0.03815511614084244, 0.0, 0.6212863922119141, 0.04872926324605942, -0.7820668816566467, 0.0, -4.022323131561279, 3.8219757080078125, -9.382379531860352, 1.0], [-0.7831814289093018, 3.847803213830048e-07, -0.621793270111084, 0.0, -0.030585816130042076, 0.9987894296646118, 0.038525063544511795, 0.0, 0.6210405826568604, 0.04919016733765602, -0.7822332978248596, 0.0, -4.1274733543396, 3.8229289054870605, -9.38310432434082, 1.0], [-0.783388614654541, 3.7870336200285237e-07, -0.6215322017669678, 0.0, -0.030879419296979904, 0.9987650513648987, 0.03892149776220322, 0.0, 0.6207646727561951, 0.049683209508657455, -0.7824211120605469, 0.0, -4.233517169952393, 3.824000835418701, -9.383864402770996, 1.0], [-0.7836199998855591, 3.7291525245564117e-07, -0.6212404370307922, 0.0, -0.031191261485219002, 0.9987387657165527, 0.03934461995959282, 0.0, 0.620456874370575, 0.05020850524306297, -0.7826316952705383, 0.0, -4.340438365936279, 3.8251988887786865, -9.384658813476562, 1.0], [-0.7838770747184753, 3.6740493669640273e-07, -0.6209160089492798, 0.0, -0.03152153640985489, 0.9987105131149292, 0.03979503735899925, 0.0, 0.6201153993606567, 0.05076664686203003, -0.7828662991523743, 0.0, -4.4482197761535645, 3.8265299797058105, -9.38548755645752, 1.0], [-0.7841610908508301, 3.621614155235875e-07, -0.6205573081970215, 0.0, -0.031870514154434204, 0.9986802935600281, 0.04027343913912773, 0.0, 0.6197383999824524, 0.05135834217071533, -0.7831262350082397, 0.0, -4.556844711303711, 3.828001022338867, -9.386347770690918, 1.0], [-0.784473180770874, 3.5717363289222703e-07, -0.6201627850532532, 0.0, -0.03223808482289314, 0.998647928237915, 0.040780048817396164, 0.0, 0.619324266910553, 0.05198371410369873, -0.783412516117096, 0.0, -4.66629695892334, 3.8296191692352295, -9.387239456176758, 1.0], [-0.7848145961761475, 3.5243056117906235e-07, -0.6197306513786316, 0.0, -0.032624490559101105, 0.9986133575439453, 0.041315577924251556, 0.0, 0.6188713312149048, 0.052643466740846634, -0.7837263345718384, 0.0, -4.776559352874756, 3.8313910961151123, -9.388161659240723, 1.0], [-0.7851869463920593, 3.479212011825439e-07, -0.6192588210105896, 0.0, -0.03302965313196182, 0.9985765218734741, 0.04188038781285286, 0.0, 0.6183773279190063, 0.053337838500738144, -0.7840692400932312, 0.0, -4.887615203857422, 3.8333239555358887, -9.38911247253418, 1.0], [-0.7855913043022156, 3.4363444001428434e-07, -0.618745744228363, 0.0, -0.03345378860831261, 0.9985373020172119, 0.042475197464227676, 0.0, 0.6178407073020935, 0.05406753718852997, -0.7844421863555908, 0.0, -4.999448776245117, 3.8354249000549316, -9.390092849731445, 1.0], [-0.7860289812088013, 3.395593068944436e-07, -0.6181896924972534, 0.0, -0.0338968001306057, 0.9984955787658691, 0.043100375682115555, 0.0, 0.6172596216201782, 0.05483279377222061, -0.7848464250564575, 0.0, -5.11204195022583, 3.8377010822296143, -9.391100883483887, 1.0], [-0.7865011096000671, 3.356847457780532e-07, -0.6175888776779175, 0.0, -0.03435880318284035, 0.9984512329101562, 0.04375657066702843, 0.0, 0.616632342338562, 0.055634208023548126, -0.7852829694747925, 0.0, -5.22537899017334, 3.8401589393615723, -9.392134666442871, 1.0], [-0.7870091199874878, 3.3199972904185415e-07, -0.6169413328170776, 0.0, -0.03483972325921059, 0.9984042048454285, 0.04444427788257599, 0.0, 0.6159568428993225, 0.05647211894392967, -0.7857531905174255, 0.0, -5.339442729949951, 3.842805862426758, -9.393194198608398, 1.0], [-0.7875540852546692, 3.284932290625875e-07, -0.6162455081939697, 0.0, -0.03533972427248955, 0.9983543157577515, 0.045164261013269424, 0.0, 0.6152313947677612, 0.05734724551439285, -0.7862579822540283, 0.0, -5.454217910766602, 3.845648765563965, -9.394278526306152, 1.0], [-0.7881373167037964, 3.251542182169942e-07, -0.6154994368553162, 0.0, -0.035858552902936935, 0.9983014464378357, 0.0459168404340744, 0.0, 0.6144540309906006, 0.05825969576835632, -0.7867986559867859, 0.0, -5.5696845054626465, 3.8486945629119873, -9.3953857421875, 1.0], [-0.7887600064277649, 3.219716120383964e-07, -0.6147012710571289, 0.0, -0.036396317183971405, 0.9982455372810364, 0.04670281708240509, 0.0, 0.6136228442192078, 0.05921017751097679, -0.7873761653900146, 0.0, -5.685829162597656, 3.8519504070281982, -9.396515846252441, 1.0], [-0.7894232869148254, 3.1893446816866344e-07, -0.6138492226600647, 0.0, -0.03695287927985191, 0.9981864094734192, 0.04752271994948387, 0.0, 0.61273592710495, 0.060199037194252014, -0.7879915833473206, 0.0, -5.802633762359619, 3.8554232120513916, -9.39766788482666, 1.0], [-0.7901283502578735, 3.16031673719408e-07, -0.6129414439201355, 0.0, -0.03752816095948219, 0.9981238842010498, 0.048377182334661484, 0.0, 0.6117914915084839, 0.061226747930049896, -0.7886459827423096, 0.0, -5.920082092285156, 3.8591201305389404, -9.39884090423584, 1.0], [-0.7908762693405151, 3.1325220106737106e-07, -0.6119760870933533, 0.0, -0.03812212869524956, 0.9980578422546387, 0.04926695674657822, 0.0, 0.610787570476532, 0.062293894588947296, -0.7893402576446533, 0.0, -6.038156986236572, 3.8630478382110596, -9.400032997131348, 1.0], [-0.7916682958602905, 3.1058510785442195e-07, -0.6109511256217957, 0.0, -0.03873441740870476, 0.9979881644248962, 0.05019242689013481, 0.0, 0.6097220182418823, 0.06340058892965317, -0.7900756001472473, 0.0, -6.15684175491333, 3.867213726043701, -9.401243209838867, 1.0], [-0.7925054430961609, 3.080192243487545e-07, -0.6098648905754089, 0.0, -0.03936510160565376, 0.9979146122932434, 0.05115455016493797, 0.0, 0.6085931062698364, 0.06454765051603317, -0.7908527255058289, 0.0, -6.276120185852051, 3.87162446975708, -9.402472496032715, 1.0], [-0.7933886051177979, 3.055436650356569e-07, -0.6087154150009155, 0.0, -0.04001385346055031, 0.9978370666503906, 0.05215383321046829, 0.0, 0.6073988676071167, 0.06573531031608582, -0.7916725873947144, 0.0, -6.395974636077881, 3.8762872219085693, -9.403717041015625, 1.0], [-0.7943191528320312, 3.031472033399041e-07, -0.6075006723403931, 0.0, -0.040680523961782455, 0.9977554082870483, 0.053191084414720535, 0.0, 0.6061370968818665, 0.06696414202451706, -0.792536199092865, 0.0, -6.516390323638916, 3.881208896636963, -9.404977798461914, 1.0], [-0.7952980995178223, 3.0081906743362197e-07, -0.6062185764312744, 0.0, -0.04136478528380394, 0.9976693391799927, 0.05426695570349693, 0.0, 0.6048056483268738, 0.06823450326919556, -0.7934445142745972, 0.0, -6.637348651885986, 3.886396646499634, -9.40625286102295, 1.0], [-0.7963261604309082, 2.9854794547645724e-07, -0.6048674583435059, 0.0, -0.042066462337970734, 0.9975786805152893, 0.05538225546479225, 0.0, 0.6034029126167297, 0.06954697519540787, -0.7943980097770691, 0.0, -6.758833885192871, 3.891857147216797, -9.40754222869873, 1.0], [-0.7974044680595398, 2.963229803754075e-07, -0.6034451723098755, 0.0, -0.042785171419382095, 0.9974833130836487, 0.05653766542673111, 0.0, 0.6019265055656433, 0.07090189307928085, -0.7953976392745972, 0.0, -6.880828857421875, 3.8975977897644043, -9.408844947814941, 1.0], [-0.7985339164733887, 2.9413308766379487e-07, -0.6019498109817505, 0.0, -0.043520569801330566, 0.9973829388618469, 0.05773395299911499, 0.0, 0.6003745198249817, 0.07229971885681152, -0.7964441180229187, 0.0, -7.003317832946777, 3.90362548828125, -9.410158157348633, 1.0], [-0.799715518951416, 2.9196723971836036e-07, -0.6003791093826294, 0.0, -0.044272273778915405, 0.9972774386405945, 0.05897193029522896, 0.0, 0.5987445712089539, 0.07374091446399689, -0.7975382208824158, 0.0, -7.126282691955566, 3.909946918487549, -9.411482810974121, 1.0], [-0.8009499907493591, 2.89814408915845e-07, -0.598731279373169, 0.0, -0.04503989219665527, 0.9971665143966675, 0.060252390801906586, 0.0, 0.597034752368927, 0.07522594183683395, -0.7986804842948914, 0.0, -7.249707221984863, 3.916569471359253, -9.41281795501709, 1.0], [-0.8022382855415344, 2.8766351078957086e-07, -0.5970039367675781, 0.0, -0.04582288861274719, 0.9970499873161316, 0.061576079577207565, 0.0, 0.5952427983283997, 0.07675513625144958, -0.7998716235160828, 0.0, -7.373575210571289, 3.9235000610351562, -9.414159774780273, 1.0], [-0.803581178188324, 2.8550363140311674e-07, -0.5951951742172241, 0.0, -0.04662085324525833, 0.9969275593757629, 0.06294393539428711, 0.0, 0.5933664441108704, 0.07832907140254974, -0.8011122345924377, 0.0, -7.497870445251465, 3.9307456016540527, -9.415512084960938, 1.0], [-0.8049792647361755, 2.833236294463859e-07, -0.5933029055595398, 0.0, -0.0474332757294178, 0.9967989921569824, 0.06435681134462357, 0.0, 0.5914037823677063, 0.07994820177555084, -0.8024025559425354, 0.0, -7.622574806213379, 3.9383130073547363, -9.4168701171875, 1.0], [-0.8064335584640503, 2.811124772961193e-07, -0.5913246870040894, 0.0, -0.04825954884290695, 0.9966641068458557, 0.06581561267375946, 0.0, 0.5893521308898926, 0.0816129818558693, -0.8037433624267578, 0.0, -7.7476725578308105, 3.94620943069458, -9.418233871459961, 1.0], [-0.8079445362091064, 2.7885926101589575e-07, -0.5892585515975952, 0.0, -0.04909900948405266, 0.9965225458145142, 0.06732112914323807, 0.0, 0.5872094631195068, 0.08332375437021255, -0.8051348924636841, 0.0, -7.873147487640381, 3.954441785812378, -9.419602394104004, 1.0], [-0.8095126152038574, 2.765527824521996e-07, -0.5871025323867798, 0.0, -0.04995094612240791, 0.9963740706443787, 0.06887416541576385, 0.0, 0.5849737524986267, 0.0850808322429657, -0.8065773248672485, 0.0, -7.99898099899292, 3.963017225265503, -9.420975685119629, 1.0], [-0.8111388087272644, 2.741820424034813e-07, -0.5848537087440491, 0.0, -0.05081481114029884, 0.9962183237075806, 0.0704759806394577, 0.0, 0.5826420187950134, 0.08688503503799438, -0.8080713152885437, 0.0, -8.125158309936523, 3.97194242477417, -9.422350883483887, 1.0], [-0.8128233551979065, 2.717360985116102e-07, -0.5825102925300598, 0.0, -0.05168967321515083, 0.9960551261901855, 0.07212721556425095, 0.0, 0.5802123546600342, 0.08873644471168518, -0.8096168637275696, 0.0, -8.25166130065918, 3.981224775314331, -9.423727989196777, 1.0], [-0.8145666718482971, 2.6920386630990834e-07, -0.5800699591636658, 0.0, -0.05257478728890419, 0.995884120464325, 0.07382892072200775, 0.0, 0.5776824951171875, 0.09063563495874405, -0.8112139701843262, 0.0, -8.378475189208984, 3.990870952606201, -9.425106048583984, 1.0], [-0.8163692951202393, 2.6657428975340736e-07, -0.5775302052497864, 0.0, -0.05346928536891937, 0.9957049489021301, 0.0755821019411087, 0.0, 0.5750496983528137, 0.09258303791284561, -0.8128629922866821, 0.0, -8.50558090209961, 4.000888347625732, -9.426485061645508, 1.0], [-0.8182316422462463, 2.638363980622671e-07, -0.5748887062072754, 0.0, -0.054372239857912064, 0.995517373085022, 0.07738776504993439, 0.0, 0.5723116993904114, 0.09457910060882568, -0.8145637512207031, 0.0, -8.632964134216309, 4.0112833976745605, -9.427864074707031, 1.0], [-0.8201538920402527, 2.6097910676980973e-07, -0.572143018245697, 0.0, -0.05528268218040466, 0.9953209161758423, 0.07924691587686539, 0.0, 0.5694659352302551, 0.09662426263093948, -0.8163163065910339, 0.0, -8.76060676574707, 4.022063732147217, -9.429238319396973, 1.0], [-0.822136402130127, 2.5799130298764794e-07, -0.5692905187606812, 0.0, -0.056199491024017334, 0.995115339756012, 0.08116050064563751, 0.0, 0.5665097832679749, 0.09871883690357208, -0.818120539188385, 0.0, -8.888490676